{
    "intrinsics": [
        [
            280.0,
            0,
            128.0
        ],
        [
            0,
            280.0,
            128.0
        ],
        [
            0,
            0,
            1
        ]
    ],
    "near_far": [
        0.5,
        1.7999999999999998
    ],
    "c2ws": {
        "0.png": [
            [
                1.0,
                0.0,
                0.0,
                0.0
            ],
            [
                0.0,
                -4.371138828673793e-08,
                -1.0,
                -1.2000000476837158
            ],
            [
                -0.0,
                1.0,
                -4.371138828673793e-08,
                -5.245366807571372e-08
            ],
            [
                0,
                0,
                0,
                1
            ]
        ],
        "1.png": [
            [
                1.0,
                0.0,
                0.0,
                0.0
            ],
            [
                0.0,
                -4.371138828673793e-08,
                -1.0,
                -1.2000000476837158
            ],
            [
                -0.0,
                1.0,
                -4.371138828673793e-08,
                -5.245366807571372e-08
            ],
            [
                0,
                0,
                0,
                1
            ]
        ],
        "2.png": [
            [
                1.0,
                0.0,
                0.0,
                0.0
            ],
            [
                0.0,
                -4.371138828673793e-08,
                -1.0,
                -1.2000000476837158
            ],
            [
                -0.0,
                1.0,
                -4.371138828673793e-08,
                -5.245366807571372e-08
            ],
            [
                0,
                0,
                0,
                1
            ]
        ],
        "3.png": [
            [
                1.0,
                0.0,
                0.0,
                0.0
            ],
            [
                0.0,
                -4.371138828673793e-08,
                -1.0,
                -1.2000000476837158
            ],
            [
                -0.0,
                1.0,
                -4.371138828673793e-08,
                -5.245366807571372e-08
            ],
            [
                0,
                0,
                0,
                1
            ]
        ],
        "4.png": [
            [
                1.0,
                0.0,
                0.0,
                0.0
            ],
            [
                0.0,
                -4.371138828673793e-08,
                -1.0,
                -1.2000000476837158
            ],
            [
                -0.0,
                1.0,
                -4.371138828673793e-08,
                -5.245366807571372e-08
            ],
            [
                0,
                0,
                0,
                1
            ]
        ],
        "5.png": [
            [
                1.0,
                0.0,
                0.0,
                0.0
            ],
            [
                0.0,
                -4.371138828673793e-08,
                -1.0,
                -1.2000000476837158
            ],
            [
                -0.0,
                1.0,
                -4.371138828673793e-08,
                -5.245366807571372e-08
            ],
            [
                0,
                0,
                0,
                1
            ]
        ],
        "6.png": [
            [
                0.866025447845459,
                -0.25,
                0.4330127239227295,
                0.5196152925491333
            ],
            [
                0.5000000596046448,
                0.4330126643180847,
                -0.75,
                -0.9000000357627869
            ],
            [
                -0.0,
                0.866025447845459,
                0.4999999403953552,
                0.5999999642372131
            ],
            [
                0,
                0,
                0,
                1
            ]
        ],
        "7.png": [
            [
                -4.371138828673793e-08,
                0.3420201241970062,
                0.9396926164627075,
                1.1276311874389648
            ],
            [
                1.0,
                1.4950174431760388e-08,
                4.10752676316406e-08,
                4.92903247106824e-08
            ],
            [
                0.0,
                0.9396926760673523,
                -0.34202009439468384,
                -0.410424143075943
            ],
            [
                0,
                0,
                0,
                1
            ]
        ],
        "8.png": [
            [
                -0.8660253882408142,
                -0.25,
                0.43301278352737427,
                0.5196153521537781
            ],
            [
                0.5000000596046448,
                -0.43301263451576233,
                0.75,
                0.9000000357627869
            ],
            [
                0.0,
                0.866025447845459,
                0.4999999403953552,
                0.5999999642372131
            ],
            [
                0,
                0,
                0,
                1
            ]
        ],
        "9.png": [
            [
                -0.866025447845459,
                -0.17101003229618073,
                -0.469846248626709,
                -0.5638155341148376
            ],
            [
                -0.4999999403953552,
                0.2961980998516083,
                0.8137977123260498,
                0.9765573143959045
            ],
            [
                0.0,
                0.9396926760673523,
                -0.34202009439468384,
                -0.410424143075943
            ],
            [
                0,
                0,
                0,
                1
            ]
        ],
        "10.png": [
            [
                1.1924880638503055e-08,
                0.4999999403953552,
                -0.866025447845459,
                -1.0392305850982666
            ],
            [
                -1.0,
                5.962439431073108e-09,
                -1.0327250166142221e-08,
                -1.2392700199370665e-08
            ],
            [
                0.0,
                0.866025447845459,
                0.4999999403953552,
                0.5999999642372131
            ],
            [
                0,
                0,
                0,
                1
            ]
        ],
        "11.png": [
            [
                0.8660253286361694,
                -0.1710100919008255,
                -0.4698465168476105,
                -0.5638158321380615
            ],
            [
                -0.5000001788139343,
                -0.2961980402469635,
                -0.813797652721405,
                -0.976557195186615
            ],
            [
                0.0,
                0.9396926164627075,
                -0.34202009439468384,
                -0.410424143075943
            ],
            [
                0,
                0,
                0,
                1
            ]
        ],
        "12.png": [
            [
                1.0,
                0.0,
                0.0,
                0.0
            ],
            [
                0.0,
                -4.371138828673793e-08,
                -1.0,
                -1.2000000476837158
            ],
            [
                -0.0,
                1.0,
                -4.371138828673793e-08,
                -5.245366807571372e-08
            ],
            [
                0,
                0,
                0,
                1
            ]
        ],
        "13.png": [
            [
                0.866025447845459,
                -0.25,
                0.4330127239227295,
                0.5196152925491333
            ],
            [
                0.5000000596046448,
                0.4330126643180847,
                -0.75,
                -0.9000000357627869
            ],
            [
                -0.0,
                0.866025447845459,
                0.4999999403953552,
                0.5999999642372131
            ],
            [
                0,
                0,
                0,
                1
            ]
        ],
        "14.png": [
            [
                -4.371138828673793e-08,
                0.3420201241970062,
                0.9396926164627075,
                1.1276311874389648
            ],
            [
                1.0,
                1.4950174431760388e-08,
                4.10752676316406e-08,
                4.92903247106824e-08
            ],
            [
                0.0,
                0.9396926760673523,
                -0.34202009439468384,
                -0.410424143075943
            ],
            [
                0,
                0,
                0,
                1
            ]
        ],
        "15.png": [
            [
                -0.8660253882408142,
                -0.25,
                0.43301278352737427,
                0.5196153521537781
            ],
            [
                0.5000000596046448,
                -0.43301263451576233,
                0.75,
                0.9000000357627869
            ],
            [
                0.0,
                0.866025447845459,
                0.4999999403953552,
                0.5999999642372131
            ],
            [
                0,
                0,
                0,
                1
            ]
        ],
        "16.png": [
            [
                -0.866025447845459,
                -0.17101003229618073,
                -0.469846248626709,
                -0.5638155341148376
            ],
            [
                -0.4999999403953552,
                0.2961980998516083,
                0.8137977123260498,
                0.9765573143959045
            ],
            [
                0.0,
                0.9396926760673523,
                -0.34202009439468384,
                -0.410424143075943
            ],
            [
                0,
                0,
                0,
                1
            ]
        ],
        "17.png": [
            [
                1.1924880638503055e-08,
                0.4999999403953552,
                -0.866025447845459,
                -1.0392305850982666
            ],
            [
                -1.0,
                5.962439431073108e-09,
                -1.0327250166142221e-08,
                -1.2392700199370665e-08
            ],
            [
                0.0,
                0.866025447845459,
                0.4999999403953552,
                0.5999999642372131
            ],
            [
                0,
                0,
                0,
                1
            ]
        ],
        "18.png": [
            [
                0.8660253286361694,
                -0.1710100919008255,
                -0.4698465168476105,
                -0.5638158321380615
            ],
            [
                -0.5000001788139343,
                -0.2961980402469635,
                -0.813797652721405,
                -0.976557195186615
            ],
            [
                0.0,
                0.9396926164627075,
                -0.34202009439468384,
                -0.410424143075943
            ],
            [
                0,
                0,
                0,
                1
            ]
        ],
        "19.png": [
            [
                -4.371138828673793e-08,
                4.371138828673793e-08,
                1.0,
                1.2000000476837158
            ],
            [
                1.0,
                1.910685465164705e-15,
                4.371138828673793e-08,
                5.245366807571372e-08
            ],
            [
                0.0,
                1.0,
                -4.371138828673793e-08,
                -5.245366807571372e-08
            ],
            [
                0,
                0,
                0,
                1
            ]
        ],
        "20.png": [
            [
                -0.5000000596046448,
                -0.43301263451576233,
                0.75,
                0.9000000357627869
            ],
            [
                0.8660253882408142,
                -0.25,
                0.43301278352737427,
                0.5196153521537781
            ],
            [
                0.0,
                0.866025447845459,
                0.4999999403953552,
                0.5999999642372131
            ],
            [
                0,
                0,
                0,
                1
            ]
        ],
        "21.png": [
            [
                -1.0,
                -2.9900348863520776e-08,
                -8.21505352632812e-08,
                -9.85806494213648e-08
            ],
            [
                -8.742277657347586e-08,
                0.3420201241970062,
                0.9396926164627075,
                1.1276311874389648
            ],
            [
                0.0,
                0.9396926760673523,
                -0.34202009439468384,
                -0.410424143075943
            ],
            [
                0,
                0,
                0,
                1
            ]
        ],
        "22.png": [
            [
                -0.49999991059303284,
                0.4330126941204071,
                -0.75,
                -0.9000001549720764
            ],
            [
                -0.8660255074501038,
                -0.24999992549419403,
                0.43301257491111755,
                0.5196151733398438
            ],
            [
                0.0,
                0.866025447845459,
                0.49999991059303284,
                0.5999999642372131
            ],
            [
                0,
                0,
                0,
                1
            ]
        ],
        "23.png": [
            [
                0.49999991059303284,
                -0.29619812965393066,
                -0.8137977123260498,
                -0.9765573143959045
            ],
            [
                -0.866025447845459,
                -0.17101003229618073,
                -0.4698462188243866,
                -0.5638154745101929
            ],
            [
                0.0,
                0.9396926760673523,
                -0.34202009439468384,
                -0.410424143075943
            ],
            [
                0,
                0,
                0,
                1
            ]
        ],
        "24.png": [
            [
                1.0,
                0.0,
                0.0,
                0.0
            ],
            [
                0.0,
                0.4999999403953552,
                -0.866025447845459,
                -1.0392305850982666
            ],
            [
                -0.0,
                0.866025447845459,
                0.4999999403953552,
                0.5999999642372131
            ],
            [
                0,
                0,
                0,
                1
            ]
        ],
        "25.png": [
            [
                0.4999999403953552,
                0.29619812965393066,
                0.8137977123260498,
                0.9765573143959045
            ],
            [
                0.866025447845459,
                -0.17101004719734192,
                -0.469846248626709,
                -0.5638155341148376
            ],
            [
                -0.0,
                0.9396926760673523,
                -0.34202009439468384,
                -0.410424143075943
            ],
            [
                0,
                0,
                0,
                1
            ]
        ],
        "26.png": [
            [
                -1.0,
                -3.82137093032941e-15,
                -8.742277657347586e-08,
                -1.0490733615142744e-07
            ],
            [
                -8.742277657347586e-08,
                4.371138828673793e-08,
                1.0,
                1.2000000476837158
            ],
            [
                0.0,
                1.0,
                -4.371138828673793e-08,
                -5.245366807571372e-08
            ],
            [
                0,
                0,
                0,
                1
            ]
        ],
        "27.png": [
            [
                -0.866025447845459,
                0.24999994039535522,
                -0.43301263451576233,
                -0.5196152329444885
            ],
            [
                -0.4999999403953552,
                -0.4330126643180847,
                0.75,
                0.9000001549720764
            ],
            [
                0.0,
                0.866025447845459,
                0.49999991059303284,
                0.5999999642372131
            ],
            [
                0,
                0,
                0,
                1
            ]
        ],
        "28.png": [
            [
                1.1924880638503055e-08,
                -0.3420201241970062,
                -0.9396926164627075,
                -1.1276311874389648
            ],
            [
                -1.0,
                -4.078549054042924e-09,
                -1.1205722572071863e-08,
                -1.3446867619393288e-08
            ],
            [
                0.0,
                0.9396926760673523,
                -0.34202009439468384,
                -0.410424143075943
            ],
            [
                0,
                0,
                0,
                1
            ]
        ],
        "29.png": [
            [
                0.8660252690315247,
                0.2500000298023224,
                -0.43301284313201904,
                -0.5196154713630676
            ],
            [
                -0.5000001192092896,
                0.43301257491111755,
                -0.7499999403953552,
                -0.9000000357627869
            ],
            [
                0.0,
                0.866025447845459,
                0.49999991059303284,
                0.5999999642372131
            ],
            [
                0,
                0,
                0,
                1
            ]
        ],
        "30.png": [
            [
                0.8660253882408142,
                0.1710100919008255,
                0.46984636783599854,
                0.5638155937194824
            ],
            [
                0.5000000596046448,
                -0.29619812965393066,
                -0.8137977123260498,
                -0.976557195186615
            ],
            [
                -0.0,
                0.9396926760673523,
                -0.3420201539993286,
                -0.410424143075943
            ],
            [
                0,
                0,
                0,
                1
            ]
        ],
        "31.png": [
            [
                -4.371139183945161e-08,
                -0.4999999403953552,
                0.866025447845459,
                1.0392305850982666
            ],
            [
                1.0,
                -2.1855694143368964e-08,
                3.7855176771017796e-08,
                4.5426212125221355e-08
            ],
            [
                0.0,
                0.866025447845459,
                0.4999999403953552,
                0.5999999642372131
            ],
            [
                0,
                0,
                0,
                1
            ]
        ],
        "32.png": [
            [
                -0.8660253882408142,
                0.1710100769996643,
                0.46984636783599854,
                0.5638156533241272
            ],
            [
                0.5000000596046448,
                0.29619812965393066,
                0.813797652721405,
                0.976557195186615
            ],
            [
                0.0,
                0.9396926760673523,
                -0.34202009439468384,
                -0.410424143075943
            ],
            [
                0,
                0,
                0,
                1
            ]
        ],
        "33.png": [
            [
                1.1924880638503055e-08,
                -4.371138828673793e-08,
                -1.0,
                -1.2000000476837158
            ],
            [
                -1.0,
                -5.212530643119821e-16,
                -1.1924880638503055e-08,
                -1.4309857299110718e-08
            ],
            [
                0.0,
                1.0,
                -4.371138828673793e-08,
                -5.245366807571372e-08
            ],
            [
                0,
                0,
                0,
                1
            ]
        ],
        "34.png": [
            [
                0.49999991059303284,
                0.4330126941204071,
                -0.75,
                -0.9000001549720764
            ],
            [
                -0.8660255074501038,
                0.24999992549419403,
                -0.43301257491111755,
                -0.5196151733398438
            ],
            [
                0.0,
                0.866025447845459,
                0.49999991059303284,
                0.5999999642372131
            ],
            [
                0,
                0,
                0,
                1
            ]
        ],
        "35.png": [
            [
                1.0,
                0.0,
                0.0,
                0.0
            ],
            [
                0.0,
                -0.3420201241970062,
                -0.9396926164627075,
                -1.1276311874389648
            ],
            [
                -0.0,
                0.9396926760673523,
                -0.34202009439468384,
                -0.410424143075943
            ],
            [
                0,
                0,
                0,
                1
            ]
        ],
        "36.png": [
            [
                0.4999999403953552,
                -0.4330126643180847,
                0.75,
                0.9000001549720764
            ],
            [
                0.866025447845459,
                0.24999994039535522,
                -0.43301263451576233,
                -0.5196152329444885
            ],
            [
                -0.0,
                0.866025447845459,
                0.49999991059303284,
                0.5999999642372131
            ],
            [
                0,
                0,
                0,
                1
            ]
        ],
        "37.png": [
            [
                -0.5000000596046448,
                0.29619812965393066,
                0.813797652721405,
                0.976557195186615
            ],
            [
                0.8660253882408142,
                0.1710100769996643,
                0.46984636783599854,
                0.5638156533241272
            ],
            [
                0.0,
                0.9396926760673523,
                -0.34202009439468384,
                -0.410424143075943
            ],
            [
                0,
                0,
                0,
                1
            ]
        ],
        "38.png": [
            [
                -1.0,
                4.371138828673793e-08,
                -7.571035354203559e-08,
                -9.085242425044271e-08
            ],
            [
                -8.742278367890322e-08,
                -0.4999999403953552,
                0.866025447845459,
                1.0392305850982666
            ],
            [
                0.0,
                0.866025447845459,
                0.4999999403953552,
                0.5999999642372131
            ],
            [
                0,
                0,
                0,
                1
            ]
        ],
        "39.png": [
            [
                -0.49999991059303284,
                -0.29619812965393066,
                -0.8137977123260498,
                -0.9765573143959045
            ],
            [
                -0.866025447845459,
                0.17101003229618073,
                0.4698462188243866,
                0.5638154745101929
            ],
            [
                0.0,
                0.9396926760673523,
                -0.34202009439468384,
                -0.410424143075943
            ],
            [
                0,
                0,
                0,
                1
            ]
        ]
    }
}